script 026_bc_early_warning.py
commit 992f19c
argv   /workspace/data/offline/runs/bc11.rho100.s3 --proxy /workspace/data/offline/demos/valid.rho100 --reversed /workspace/data/offline/demos/valid.rho000 --csv /workspace/data/offline/results/early_warning.bc11.rho100.s3.csv

    step   opt@1   opt@0    gap   f0@1   f0@0  legal@0   AUC@1   own@0  optimal@0  colour0@0   delta
       0     nan     nan    nan    nan    nan    1.000   1.000   1.000      0.571      0.514  -0.057
      25   0.703   0.699  0.004  0.498  0.503    0.033   0.644   0.639      0.550      0.548  -0.001
      35   0.713   0.712  0.002  0.486  0.505    0.053   0.666   0.654      0.597      0.503  -0.094
      49   0.758   0.762 -0.004  0.500  0.500    0.072   0.773   0.777      0.548      0.539  -0.009
      69   0.713   0.695  0.019  0.443  0.568    0.073   0.706   0.700      0.607      0.500  -0.107
      96   0.773   0.759  0.015  0.485  0.543    0.078   0.739   0.725      0.572      0.532  -0.041
     134   0.690   0.696 -0.006  0.459  0.525    0.074   0.685   0.693      0.596      0.538  -0.058
     188   0.723   0.695  0.028  0.488  0.533    0.076   0.716   0.698      0.558      0.525  -0.033
     264   0.690   0.702 -0.012  0.490  0.502    0.085   0.677   0.667      0.566      0.506  -0.060
     369   0.722   0.698  0.024  0.500  0.494    0.075   0.658   0.645      0.609      0.505  -0.104
     517   0.734   0.726  0.008  0.552  0.484    0.085   0.621   0.590      0.557      0.565   0.008
     723   0.738   0.663  0.075  0.543  0.601    0.114   0.663   0.616      0.554      0.576   0.022
   1,012   0.861   0.599  0.262  0.689  0.681    0.154   0.666   0.591      0.542      0.570   0.028
   1,417   0.888   0.606  0.282  0.709  0.649    0.214   0.768   0.693      0.634      0.630  -0.004
   1,984   0.925   0.589  0.336  0.799  0.650    0.213   0.793   0.742      0.626      0.661   0.035
   2,778   0.943   0.620  0.323  0.822  0.670    0.308   0.793   0.773      0.632      0.674   0.042
   3,889   0.918   0.615  0.303  0.808  0.650    0.429   0.790   0.776      0.640      0.690   0.050
   5,445   0.849   0.473  0.376  0.772  0.724    0.653   0.760   0.755      0.648      0.721   0.073
   7,623   0.857   0.444  0.413  0.785  0.740    0.707   0.777   0.756      0.680      0.745   0.065
  10,672   0.864   0.435  0.428  0.776  0.756    0.787   0.800   0.774      0.679      0.772   0.094
  14,941   0.897   0.399  0.497  0.778  0.777    0.842   0.811   0.770      0.684      0.760   0.076
  20,917   0.916   0.422  0.494  0.791  0.726    0.880   0.823   0.768      0.686      0.754   0.068
  29,284   0.941   0.427  0.514  0.800  0.715    0.893   0.818   0.766      0.685      0.750   0.065
  30,000   0.941   0.430  0.510  0.798  0.715    0.892   0.819   0.767      0.687      0.749   0.062

'gap' is chose_optimal at rho=1 minus at rho=0: the behavioural proxy
signature. 'delta' is the probe's AUC for the colour-0 route minus the
optimal route at rho=0, read by a probe fitted at rho=1: positive means the
residual stream holds the colour's route. The claim is that delta moves
before gap does.

wrote /workspace/data/offline/results/early_warning.bc11.rho100.s3.csv
