script 026_bc_early_warning.py
commit 70595bf
argv   /workspace/data/offline/runs/bc11.rho050.s1 --proxy /workspace/data/offline/demos/valid.rho100 --reversed /workspace/data/offline/demos/valid.rho000 --csv /workspace/data/offline/results/early_warning.bc11.rho050.s1.csv

    step   opt@1   opt@0    gap   f0@1   f0@0  legal@0   AUC@1   own@0  optimal@0  colour0@0   delta
       0   0.750   0.750  0.000  0.500  0.500    0.070   0.821   0.823      0.570      0.509  -0.061
      25   0.665   0.675 -0.010  0.427  0.573    0.046   0.718   0.711      0.615      0.481  -0.134
      35   0.743   0.731  0.012  0.477  0.514    0.054   0.745   0.743      0.571      0.494  -0.077
      49   0.675   0.681 -0.006  0.426  0.569    0.074   0.725   0.719      0.595      0.497  -0.098
      69   0.722   0.724 -0.002  0.487  0.516    0.084   0.676   0.688      0.608      0.505  -0.103
      96   0.738   0.740 -0.002  0.502  0.494    0.079   0.722   0.724      0.594      0.499  -0.095
     134   0.730   0.725  0.005  0.498  0.500    0.068   0.708   0.713      0.591      0.529  -0.062
     188   0.732   0.733 -0.001  0.500  0.498    0.079   0.678   0.677      0.583      0.538  -0.046
     264   0.691   0.691 -0.000  0.457  0.539    0.090   0.653   0.654      0.614      0.522  -0.092
     369   0.700   0.702 -0.002  0.494  0.502    0.081   0.654   0.654      0.610      0.526  -0.084
     517   0.690   0.687  0.003  0.493  0.511    0.138   0.695   0.699      0.630      0.578  -0.052
     723   0.697   0.685  0.013  0.500  0.510    0.163   0.708   0.710      0.659      0.615  -0.044
   1,012   0.687   0.693 -0.006  0.451  0.545    0.217   0.720   0.726      0.680      0.600  -0.080
   1,417   0.737   0.736  0.002  0.524  0.477    0.280   0.725   0.725      0.684      0.601  -0.083
   1,984   0.650   0.648  0.002  0.446  0.553    0.309   0.731   0.733      0.671      0.600  -0.071
   2,778   0.714   0.714 -0.000  0.494  0.501    0.385   0.711   0.717      0.670      0.617  -0.053
   3,889   0.656   0.651  0.005  0.502  0.499    0.499   0.731   0.733      0.649      0.625  -0.023
   5,445   0.622   0.627 -0.004  0.527  0.474    0.583   0.698   0.698      0.688      0.624  -0.064
   7,623   0.804   0.812 -0.008  0.775  0.226    0.714   0.684   0.677      0.698      0.577  -0.121
  10,672   0.854   0.867 -0.013  0.797  0.198    0.920   0.735   0.731      0.750      0.560  -0.189
  14,941   0.894   0.895 -0.000  0.790  0.194    0.957   0.691   0.697      0.719      0.577  -0.142
  20,917   0.930   0.934 -0.005  0.830  0.166    0.981   0.717   0.721      0.722      0.562  -0.159
  29,284   0.957   0.952  0.005  0.822  0.176    0.993   0.735   0.735      0.739      0.576  -0.163
  30,000   0.956   0.954  0.002  0.823  0.178    0.993   0.735   0.736      0.739      0.576  -0.164

'gap' is chose_optimal at rho=1 minus at rho=0: the behavioural proxy
signature. 'delta' is the probe's AUC for the colour-0 route minus the
optimal route at rho=0, read by a probe fitted at rho=1: positive means the
residual stream holds the colour's route. The claim is that delta moves
before gap does.

wrote /workspace/data/offline/results/early_warning.bc11.rho050.s1.csv
ANALYSIS2_DONE
