script 026_bc_early_warning.py
commit 992f19c
argv   /workspace/data/offline/runs/bc11.rho100.s2 --proxy /workspace/data/offline/demos/valid.rho100 --reversed /workspace/data/offline/demos/valid.rho000 --csv /workspace/data/offline/results/early_warning.bc11.rho100.s2.csv

    step   opt@1   opt@0    gap   f0@1   f0@0  legal@0   AUC@1   own@0  optimal@0  colour0@0   delta
       0   0.875   0.917 -0.042  0.688  0.250    0.852   0.957   0.967      0.576      0.549  -0.027
      25   0.695   0.696 -0.002  0.443  0.553    0.034   0.704   0.710      0.603      0.546  -0.057
      35   0.743   0.747 -0.004  0.498  0.505    0.039   0.680   0.674      0.592      0.527  -0.065
      49   0.730   0.724  0.006  0.438  0.559    0.072   0.760   0.744      0.590      0.495  -0.095
      69   0.811   0.791  0.020  0.540  0.491    0.066   0.686   0.695      0.582      0.542  -0.040
      96   0.740   0.747 -0.007  0.500  0.492    0.071   0.703   0.703      0.593      0.536  -0.057
     134   0.711   0.705  0.006  0.526  0.479    0.064   0.705   0.701      0.574      0.514  -0.060
     188   0.735   0.742 -0.007  0.505  0.487    0.068   0.678   0.672      0.590      0.510  -0.080
     264   0.681   0.677  0.004  0.472  0.535    0.079   0.647   0.650      0.572      0.534  -0.038
     369   0.699   0.697  0.002  0.509  0.500    0.057   0.671   0.671      0.562      0.519  -0.043
     517   0.714   0.725 -0.011  0.489  0.507    0.087   0.650   0.652      0.602      0.565  -0.037
     723   0.686   0.659  0.027  0.480  0.549    0.146   0.693   0.678      0.623      0.593  -0.030
   1,012   0.776   0.687  0.089  0.616  0.563    0.211   0.746   0.757      0.620      0.581  -0.038
   1,417   0.907   0.638  0.269  0.748  0.607    0.339   0.764   0.685      0.599      0.616   0.017
   1,984   0.918   0.679  0.240  0.778  0.570    0.319   0.786   0.751      0.624      0.633   0.010
   2,778   0.892   0.607  0.286  0.800  0.633    0.438   0.797   0.759      0.628      0.675   0.047
   3,889   0.827   0.479  0.348  0.777  0.667    0.632   0.768   0.728      0.692      0.695   0.003
   5,445   0.846   0.438  0.408  0.767  0.735    0.699   0.761   0.704      0.682      0.704   0.022
   7,623   0.848   0.431  0.417  0.782  0.709    0.753   0.801   0.745      0.723      0.723  -0.000
  10,672   0.850   0.384  0.466  0.799  0.781    0.846   0.795   0.747      0.704      0.752   0.049
  14,941   0.906   0.385  0.521  0.805  0.812    0.906   0.813   0.762      0.714      0.751   0.037
  20,917   0.922   0.392  0.530  0.800  0.774    0.919   0.807   0.773      0.693      0.755   0.061
  29,284   0.927   0.402  0.525  0.808  0.754    0.911   0.792   0.730      0.680      0.731   0.052
  30,000   0.925   0.401  0.524  0.807  0.752    0.910   0.790   0.730      0.678      0.730   0.052

'gap' is chose_optimal at rho=1 minus at rho=0: the behavioural proxy
signature. 'delta' is the probe's AUC for the colour-0 route minus the
optimal route at rho=0, read by a probe fitted at rho=1: positive means the
residual stream holds the colour's route. The claim is that delta moves
before gap does.

wrote /workspace/data/offline/results/early_warning.bc11.rho100.s2.csv
