script 026_bc_early_warning.py
commit a28744f
argv   /workspace/data/offline/runs/bc11.rho100.s1 --proxy /workspace/data/offline/demos/valid.rho100 --reversed /workspace/data/offline/demos/valid.rho000 --csv /workspace/data/offline/results/early_warning.bc11.rho100.s1.csv

    step   opt@1   opt@0    gap   f0@1   f0@0  legal@0   AUC@1   own@0  optimal@0  colour0@0   delta
       0   0.750   0.750  0.000  0.500  0.500    0.070   0.821   0.823      0.570      0.509  -0.061
      25   0.675   0.676 -0.001  0.430  0.575    0.044   0.718   0.709      0.616      0.481  -0.136
      35   0.740   0.732  0.007  0.490  0.521    0.053   0.745   0.742      0.571      0.494  -0.077
      49   0.686   0.680  0.006  0.433  0.568    0.075   0.722   0.716      0.598      0.494  -0.103
      69   0.717   0.728 -0.011  0.480  0.507    0.087   0.678   0.696      0.606      0.500  -0.106
      96   0.742   0.730  0.012  0.506  0.502    0.075   0.725   0.723      0.594      0.499  -0.095
     134   0.724   0.716  0.008  0.498  0.507    0.068   0.714   0.715      0.593      0.530  -0.063
     188   0.734   0.723  0.010  0.498  0.516    0.081   0.657   0.656      0.603      0.510  -0.093
     264   0.700   0.700 -0.000  0.457  0.545    0.084   0.666   0.668      0.595      0.539  -0.057
     369   0.705   0.704  0.001  0.499  0.517    0.078   0.644   0.636      0.599      0.530  -0.068
     517   0.694   0.679  0.015  0.509  0.500    0.129   0.700   0.705      0.644      0.572  -0.072
     723   0.692   0.674  0.018  0.492  0.530    0.168   0.729   0.719      0.651      0.606  -0.045
   1,012   0.688   0.677  0.011  0.477  0.537    0.200   0.722   0.722      0.657      0.602  -0.056
   1,417   0.700   0.693  0.007  0.510  0.504    0.245   0.760   0.762      0.664      0.585  -0.080
   1,984   0.720   0.716  0.004  0.522  0.513    0.335   0.746   0.746      0.690      0.608  -0.082
   2,778   0.781   0.659  0.122  0.627  0.562    0.354   0.716   0.727      0.654      0.623  -0.031
   3,889   0.795   0.573  0.222  0.660  0.644    0.490   0.741   0.746      0.667      0.652  -0.015
   5,445   0.831   0.531  0.300  0.821  0.605    0.546   0.704   0.693      0.586      0.642   0.056
   7,623   0.840   0.406  0.434  0.790  0.750    0.708   0.678   0.625      0.587      0.662   0.075
  10,672   0.871   0.365  0.506  0.799  0.777    0.767   0.749   0.717      0.622      0.724   0.102
  14,941   0.914   0.441  0.473  0.790  0.700    0.839   0.765   0.725      0.639      0.722   0.082
  20,917   0.942   0.455  0.486  0.816  0.661    0.878   0.778   0.715      0.622      0.726   0.104
  29,284   0.959   0.466  0.493  0.816  0.629    0.873   0.789   0.706      0.631      0.722   0.091
  30,000   0.959   0.467  0.492  0.814  0.629    0.874   0.785   0.705      0.632      0.722   0.090

'gap' is chose_optimal at rho=1 minus at rho=0: the behavioural proxy
signature. 'delta' is the probe's AUC for the colour-0 route minus the
optimal route at rho=0, read by a probe fitted at rho=1: positive means the
residual stream holds the colour's route. The claim is that delta moves
before gap does.

wrote /workspace/data/offline/results/early_warning.bc11.rho100.s1.csv
